4149390000490416
4149390000559327
4149439044908543
5375411501722255
4149439049256161
4149499123557124
4149499132585629
5375414126987824
4149499348614213
4149510063777272
4323357022145193
4441114420338236
4441114421640945
4441114426507446
4441114440681789
4441114444330839
5167803116492450
5168745014229824
5168752000989692
5168755904736846
5168755905346249
5168757392704088
5354663003081276
5354663004188617
5354663004242752
5354663004319816
5355074022107721
5355280002966503
5355280205939208
5355571279106421
5355280206585554
5355571278322185
5366393300198302
5375235108570936
5375235210691992
5375235210721302
5375411501703321
5375414127709086
5375414129221825
5375414129222120
5375414129222476
5457082221619286